[Project1] 3854 1588149833.254221836 1588149834.019867395
[Project1] 3855 1588149834.745697362 1588149835.517432275
[Project1] 3856 1588149836.260739128 1588149837.056192666
[Project1] 3857 1588149837.750927083 1588149838.555162686
[Project1] 3858 1588149839.278302960 1588149840.064859342
[Project1] 3860 1588149840.787705880 1588149841.572769881
[Project1] 3862 1588149842.317125528 1588149843.055649177
[Project1] 3864 1588149843.850691663 1588149844.617912915
[Project1] 3867 1588149845.364727500 1588149846.117313271
[Project1] 3869 1588149846.834337954 1588149847.603210144
